0 -6.04186167071067
1 -7.726483856647899
2 -7.726483856647899
3 -7.726483856647899
4 -7.726483856647899
5 -7.726483856647899
6 -7.726483856647899
7 -7.726483856647899
8 -8.658007264758453
9 -9.513726451981345
10 -9.513726451981345
11 -9.513726451981345
12 -9.513726451981345
13 -9.513726451981345
14 -9.513726451981345
15 -9.513726451981345
16 -9.513726451981345
17 -9.513726451981345
18 -9.513726451981345
19 -9.513726451981345
20 -9.513726451981345
21 -9.513726451981345
22 -9.513726451981345
23 -9.513726451981345
24 -9.513726451981345
25 -9.513726451981345
26 -9.513726451981345
27 -9.513726451981345
28 -9.513726451981345
29 -9.513726451981345
30 -9.513726451981345
