0 -0.3342303424419879
1 -0.34476870820176486
2 -0.34476870820176486
3 -0.34476870820176486
4 -0.34476870820176486
5 -3.2680781530120053
6 -3.2680781530120053
7 -3.2680781530120053
8 -3.2680781530120053
9 -3.2680781530120053
10 -3.2680781530120053
11 -4.586950761696911
12 -4.867641432958717
13 -5.959818574744082
14 -5.959818574744082
15 -5.959818574744082
16 -5.959818574744082
17 -5.959818574744082
18 -5.959818574744082
19 -5.959818574744082
20 -5.959818574744082
21 -5.959818574744082
22 -5.959818574744082
23 -5.959818574744082
24 -5.959818574744082
25 -5.959818574744082
26 -6.501173459756246
27 -6.501173459756246
28 -6.501173459756246
29 -6.501173459756246
30 -6.501173459756246
